----------------------------------------------------
feature_switch: (1, 1, 1, 1, 1, 1, 1, 1, 1, 1, 1, 1, 1, 1, 1, 1, 0)
feature_selected: ['[0]', '[1]', '[2]', '[3]', '[4]', '[5]', '[6]', '[7]', '[8]', '[9]', '[10]', '[11]', '[12]', '[13]', '[14]', '[15]']
hidden_size: (2, 1)
average_iteration_loss: 0.0012353342164
average_polar_accuracy: 0.53832819607
average_avg_price_change: -0.0105876428571
average_mres: 0.0505928697304
pos_percent: 0.33333
----------------------------------------------------
feature_switch: (1, 1, 1, 1, 1, 1, 1, 1, 1, 1, 1, 1, 1, 1, 1, 1, 0)
feature_selected: ['[0]', '[1]', '[2]', '[3]', '[4]', '[5]', '[6]', '[7]', '[8]', '[9]', '[10]', '[11]', '[12]', '[13]', '[14]', '[15]']
hidden_size: (1, 1)
average_iteration_loss: 0.00124558697481
average_polar_accuracy: 0.572339515426
average_avg_price_change: -0.011310047619
average_mres: 0.0497606233429
pos_percent: 0.13333
